function Z = H2Z(H)
    Z = 6356766*H/(6356766-H);